[[0.         0.12072893 0.42315369 0.23988439 0.11345646 0.02319588
  0.02997275 0.02284264 0.02088773 0.11772853 0.01186944 0.03324808
  0.05806452 0.03787879 0.01680672 0.03655352 0.03589744 0.00617284
  0.11154599 0.03759398 0.06785137 0.03981265 0.04691358 0.02600473
  0.01436782 0.06573705]
 [0.12072893 0.         0.202      0.26294821 0.63157895 0.03636364
  0.0390625  0.04301075 0.04104478 0.13376835 0.0361991  0.04285714
  0.10144928 0.04181185 0.05020921 0.04779412 0.05035971 0.01421801
  0.14       0.05226481 0.07436399 0.05396825 0.05762712 0.0557377
  0.03433476 0.10732984]
 [0.42315369 0.202      0.         0.15698925 0.19058296 0.03901437
  0.03617021 0.03643725 0.02459016 0.13647643 0.01809955 0.04056795
  0.07513417 0.05476673 0.02386117 0.03688525 0.04480652 0.01162791
  0.11900826 0.03976143 0.09065156 0.0513308  0.0492126  0.04826255
  0.01986755 0.07872697]
 [0.23988439 0.26294821 0.15698925 0.         0.33513514 0.02304147
  0.03045685 0.02702703 0.03349282 0.07482993 0.02469136 0.02690583
  0.06375839 0.03056769 0.03296703 0.04716981 0.02690583 0.01342282
  0.10704225 0.03463203 0.05194805 0.04669261 0.041841   0.03187251
  0.02890173 0.0619469 ]
 [0.11345646 0.63157895 0.19058296 0.33513514 0.         0.02870813
  0.03703704 0.02790698 0.03465347 0.08318891 0.03246753 0.03738318
  0.06896552 0.03153153 0.04624277 0.03864734 0.03738318 0.0212766
  0.0997151  0.04035874 0.0504386  0.0438247  0.05676856 0.04564315
  0.03012048 0.06969697]
 [0.02319588 0.03636364 0.03901437 0.02304147 0.02870813 0.
  0.55454545 0.61983471 0.46031746 0.10497238 0.41052632 0.42753623
  0.17768595 0.632      0.34482759 0.42857143 0.6147541  0.25263158
  0.14603175 0.40816327 0.22043011 0.46296296 0.52816901 0.49342105
  0.36448598 0.15087719]
 [0.02997275 0.0390625  0.03617021 0.03045685 0.03703704 0.55454545
  0.         0.475      0.52777778 0.09416196 0.51315789 0.48333333
  0.18222222 0.69724771 0.39795918 0.5        0.47107438 0.31578947
  0.14381271 0.4351145  0.19178082 0.35403727 0.40425532 0.37748344
  0.44318182 0.15298507]
 [0.02284264 0.04301075 0.03643725 0.02702703 0.02790698 0.61983471
  0.475      0.         0.42857143 0.10382514 0.38613861 0.41958042
  0.164      0.56716418 0.33884298 0.41007194 0.5984252  0.23762376
  0.146875   0.40131579 0.28133705 0.46385542 0.52739726 0.49358974
  0.34513274 0.14383562]
 [0.02088773 0.04104478 0.02459016 0.03349282 0.03465347 0.46031746
  0.52777778 0.42857143 0.         0.09796673 0.43820225 0.42537313
  0.17721519 0.40425532 0.37614679 0.4488189  0.42537313 0.26966292
  0.1341853  0.39583333 0.15463918 0.32758621 0.37012987 0.34756098
  0.57303371 0.15412186]
 [0.11772853 0.13376835 0.13647643 0.07482993 0.08318891 0.10497238
  0.09416196 0.10382514 0.09796673 0.         0.07722772 0.10766423
  0.35214008 0.10431655 0.08429119 0.10497238 0.11376147 0.04752475
  0.24757282 0.11978221 0.14893617 0.10409556 0.11964286 0.11363636
  0.07961165 0.33453888]
 [0.01186944 0.0361991  0.01809955 0.02469136 0.03246753 0.41052632
  0.51315789 0.38613861 0.43820225 0.07722772 0.         0.38235294
  0.20526316 0.35779817 0.63934426 0.41052632 0.38235294 0.61538462
  0.14661654 0.34821429 0.1086351  0.27464789 0.31967213 0.29545455
  0.76470588 0.16738197]
 [0.03324808 0.04285714 0.04056795 0.02690583 0.03738318 0.42753623
  0.48333333 0.41958042 0.42537313 0.10766423 0.38235294 0.
  0.168      0.40666667 0.38135593 0.40714286 0.40689655 0.23529412
  0.13580247 0.37179487 0.17302799 0.34065934 0.38271605 0.35260116
  0.34210526 0.15517241]
 [0.05806452 0.10144928 0.07513417 0.06375839 0.06896552 0.17768595
  0.18222222 0.164      0.17721519 0.35214008 0.20526316 0.168
  0.         0.17254902 0.18396226 0.17768595 0.17741935 0.12631579
  0.27374302 0.18897638 0.12040816 0.14878893 0.1598513  0.16245487
  0.19900498 0.81545064]
 [0.03787879 0.04181185 0.05476673 0.03056769 0.03153153 0.632
  0.69724771 0.56716418 0.40425532 0.10431655 0.35779817 0.40666667
  0.17254902 0.         0.30769231 0.3877551  0.55147059 0.22018349
  0.14329268 0.38125    0.27173913 0.42613636 0.49032258 0.45180723
  0.32231405 0.15151515]
 [0.01680672 0.05020921 0.02386117 0.03296703 0.04624277 0.34482759
  0.39795918 0.33884298 0.37614679 0.08429119 0.63934426 0.38135593
  0.18396226 0.30769231 0.         0.33333333 0.32520325 0.39344262
  0.14736842 0.29104478 0.11702128 0.26086957 0.28873239 0.26973684
  0.55555556 0.15294118]
 [0.03655352 0.04779412 0.03688525 0.04716981 0.03864734 0.42857143
  0.5        0.41007194 0.4488189  0.10497238 0.41052632 0.40714286
  0.17768595 0.3877551  0.33333333 0.         0.40714286 0.25263158
  0.13880126 0.54477612 0.15228426 0.32402235 0.35625    0.33529412
  0.36448598 0.15492958]
 [0.03589744 0.05035971 0.04480652 0.02690583 0.03738318 0.6147541
  0.47107438 0.5984252  0.42537313 0.11376147 0.38235294 0.40689655
  0.17741935 0.55147059 0.32520325 0.40714286 0.         0.23529412
  0.15360502 0.44594595 0.20052083 0.44378698 0.65925926 0.5
  0.34210526 0.15517241]
 [0.00617284 0.01421801 0.01162791 0.01342282 0.0212766  0.25263158
  0.31578947 0.23762376 0.26966292 0.04752475 0.61538462 0.23529412
  0.12631579 0.22018349 0.39344262 0.25263158 0.23529412 0.
  0.09022556 0.21428571 0.06685237 0.16901408 0.19672131 0.18181818
  0.47058824 0.10300429]
 [0.11154599 0.14       0.11900826 0.10704225 0.0997151  0.14603175
  0.14381271 0.146875   0.1341853  0.24757282 0.14661654 0.13580247
  0.27374302 0.14329268 0.14736842 0.13880126 0.15360502 0.09022556
  0.         0.13855422 0.13019892 0.14285714 0.14117647 0.14367816
  0.14440433 0.27295918]
 [0.03759398 0.05226481 0.03976143 0.03463203 0.04035874 0.40816327
  0.4351145  0.40131579 0.39583333 0.11978221 0.34821429 0.37179487
  0.18897638 0.38125    0.29104478 0.54477612 0.44594595 0.21428571
  0.13855422 0.         0.18341709 0.31606218 0.43558282 0.33333333
  0.31451613 0.16161616]
 [0.06785137 0.07436399 0.09065156 0.05194805 0.0504386  0.22043011
  0.19178082 0.28133705 0.15463918 0.14893617 0.1086351  0.17302799
  0.12040816 0.27173913 0.11702128 0.15228426 0.20052083 0.06685237
  0.13019892 0.18341709 0.         0.23703704 0.23650386 0.23677582
  0.10810811 0.13193117]
 [0.03981265 0.05396825 0.0513308  0.04669261 0.0438247  0.46296296
  0.35403727 0.46385542 0.32758621 0.10409556 0.27464789 0.34065934
  0.14878893 0.42613636 0.26086957 0.32402235 0.44378698 0.16901408
  0.14285714 0.31606218 0.23703704 0.         0.46666667 0.44973545
  0.25324675 0.13636364]
 [0.04691358 0.05762712 0.0492126  0.041841   0.05676856 0.52816901
  0.40425532 0.52739726 0.37012987 0.11964286 0.31967213 0.38271605
  0.1598513  0.49032258 0.28873239 0.35625    0.65925926 0.19672131
  0.14117647 0.43558282 0.23650386 0.46666667 0.         0.57763975
  0.29104478 0.14516129]
 [0.02600473 0.0557377  0.04826255 0.03187251 0.04564315 0.49342105
  0.37748344 0.49358974 0.34756098 0.11363636 0.29545455 0.35260116
  0.16245487 0.45180723 0.26973684 0.33529412 0.5        0.18181818
  0.14367816 0.33333333 0.23677582 0.44973545 0.57763975 0.
  0.27083333 0.15141956]
 [0.01436782 0.03433476 0.01986755 0.02890173 0.03012048 0.36448598
  0.44318182 0.34513274 0.57303371 0.07961165 0.76470588 0.34210526
  0.19900498 0.32231405 0.55555556 0.36448598 0.34210526 0.47058824
  0.14440433 0.31451613 0.10810811 0.25324675 0.29104478 0.27083333
  0.         0.16393443]
 [0.06573705 0.10732984 0.07872697 0.0619469  0.06969697 0.15087719
  0.15298507 0.14383562 0.15412186 0.33453888 0.16738197 0.15517241
  0.81545064 0.15151515 0.15294118 0.15492958 0.15517241 0.10300429
  0.27295918 0.16161616 0.13193117 0.13636364 0.14516129 0.15141956
  0.16393443 0.        ]]
